0,1751545,0,-465,1654007,151862,524001,32590,451784,27466,2546080,200,0
0,415484,0,439,421418,13545,171418,15677,99461,16299,587922,200,0
0,415484,0,-142,421418,13545,171418,15677,99461,16299,587922,200,0
0,415484,0,-453,421418,13545,171418,15677,99461,16299,587922,200,0
0,415484,0,-490,421418,13545,171418,15677,99461,16299,587922,200,0
0,415484,0,-491,421418,13545,171418,15677,99461,16299,587922,200,0
0,415484,0,338,421418,13545,171418,15677,99461,16299,587922,200,0
0,415484,0,969,421418,13545,171418,15677,99461,16299,587922,200,0
0,415484,0,896,421418,13545,171418,15677,99461,16299,587922,200,0
0,415484,0,197,421418,13545,171418,15677,99461,16299,587922,200,0
0,415484,0,-705,421418,13545,171418,15677,99461,16299,587922,200,0
0,1459024,0,835,2059507,52579,307318,184055,453228,32180,2279056,200,0
0,1459024,0,588,2059507,52579,307318,184055,453228,32180,2279056,200,0
0,1459024,0,67,2059507,52579,307318,184055,453228,32180,2279056,200,0
0,1459024,0,-726,2059507,52579,307318,184055,453228,32180,2279056,200,0
0,1459024,0,-689,2059507,52579,307318,184055,453228,32180,2279056,200,0
0,1459024,0,-141,2059507,52579,307318,184055,453228,32180,2279056,200,0
0,1459024,0,613,2059507,52579,307318,184055,453228,32180,2279056,200,0
0,1459024,0,555,2059507,52579,307318,184055,453228,32180,2279056,200,0
0,1459024,0,713,2059507,52579,307318,184055,453228,32180,2279056,200,0
0,1459024,0,732,2059507,52579,307318,184055,453228,32180,2279056,200,0
0,49433,0,186,843120,68805,117397,39005,82923,35232,457972,200,0
0,49433,0,661,843120,68805,117397,39005,82923,35232,457972,200,0
0,49433,0,869,843120,68805,117397,39005,82923,35232,457972,200,0
0,49433,0,-755,843120,68805,117397,39005,82923,35232,457972,200,0
0,49433,0,-66,843120,68805,117397,39005,82923,35232,457972,200,0
0,49433,0,-489,843120,68805,117397,39005,82923,35232,457972,200,0
0,49433,0,-854,843120,68805,117397,39005,82923,35232,457972,200,0
0,49433,0,-93,843120,68805,117397,39005,82923,35232,457972,200,0
0,49433,0,476,843120,68805,117397,39005,82923,35232,457972,200,0
0,49433,0,775,843120,68805,117397,39005,82923,35232,457972,200,0
0,265978,0,-610,714423,20974,145085,27254,95549,23678,621563,200,0
0,265978,0,-171,714423,20974,145085,27254,95549,23678,621563,200,0
0,265978,0,165,714423,20974,145085,27254,95549,23678,621563,200,0
0,265978,0,669,714423,20974,145085,27254,95549,23678,621563,200,0
0,265978,0,279,714423,20974,145085,27254,95549,23678,621563,200,0
0,265978,0,732,714423,20974,145085,27254,95549,23678,621563,200,0
0,265978,0,528,714423,20974,145085,27254,95549,23678,621563,200,0
0,265978,0,-93,714423,20974,145085,27254,95549,23678,621563,200,0
0,265978,0,-685,714423,20974,145085,27254,95549,23678,621563,200,0
0,265978,0,114,714423,20974,145085,27254,95549,23678,621563,200,0
0,765995,0,26,252032,16598,93911,79695,39731,36628,199478,200,0
0,765995,0,-873,252032,16598,93911,79695,39731,36628,199478,200,0
0,765995,0,-989,252032,16598,93911,79695,39731,36628,199478,200,0
0,765995,0,-141,252032,16598,93911,79695,39731,36628,199478,200,0
0,765995,0,354,252032,16598,93911,79695,39731,36628,199478,200,0
0,765995,0,952,252032,16598,93911,79695,39731,36628,199478,200,0
0,765995,0,594,252032,16598,93911,79695,39731,36628,199478,200,0
0,765995,0,37,252032,16598,93911,79695,39731,36628,199478,200,0
0,765995,0,-359,252032,16598,93911,79695,39731,36628,199478,200,0
0,765995,0,-529,252032,16598,93911,79695,39731,36628,199478,200,0
0,274007,0,373,251985,18819,112205,23104,103505,16047,541406,200,0
0,274007,0,-270,251985,18819,112205,23104,103505,16047,541406,200,0
0,274007,0,-596,251985,18819,112205,23104,103505,16047,541406,200,0
0,274007,0,-622,251985,18819,112205,23104,103505,16047,541406,200,0
0,274007,0,-170,251985,18819,112205,23104,103505,16047,541406,200,0
0,274007,0,333,251985,18819,112205,23104,103505,16047,541406,200,0
0,274007,0,871,251985,18819,112205,23104,103505,16047,541406,200,0
0,274007,0,624,251985,18819,112205,23104,103505,16047,541406,200,0
0,274007,0,-24,251985,18819,112205,23104,103505,16047,541406,200,0
0,274007,0,-804,251985,18819,112205,23104,103505,16047,541406,200,0
0,53822,0,769,415936,18782,106321,63749,63547,58198,390380,200,0
0,53822,0,883,415936,18782,106321,63749,63547,58198,390380,200,0
0,53822,0,517,415936,18782,106321,63749,63547,58198,390380,200,0
0,53822,0,-434,415936,18782,106321,63749,63547,58198,390380,200,0
0,53822,0,-635,415936,18782,106321,63749,63547,58198,390380,200,0
0,53822,0,-570,415936,18782,106321,63749,63547,58198,390380,200,0
0,53822,0,-149,415936,18782,106321,63749,63547,58198,390380,200,0
0,53822,0,544,415936,18782,106321,63749,63547,58198,390380,200,0
0,53822,0,224,415936,18782,106321,63749,63547,58198,390380,200,0
0,53822,0,582,415936,18782,106321,63749,63547,58198,390380,200,0
0,224277,0,20,704750,62032,262474,120069,65596,66287,255031,200,0
0,224277,0,-593,704750,62032,262474,120069,65596,66287,255031,200,0
0,224277,0,711,704750,62032,262474,120069,65596,66287,255031,200,0
0,224277,0,441,704750,62032,262474,120069,65596,66287,255031,200,0
0,224277,0,-213,704750,62032,262474,120069,65596,66287,255031,200,0
0,224277,0,-669,704750,62032,262474,120069,65596,66287,255031,200,0
0,224277,0,-634,704750,62032,262474,120069,65596,66287,255031,200,0
0,224277,0,-564,704750,62032,262474,120069,65596,66287,255031,200,0
0,224277,0,518,704750,62032,262474,120069,65596,66287,255031,200,0
0,224277,0,0,704750,62032,262474,120069,65596,66287,255031,200,0
0,505961,0,-644,338131,9878,239062,9451,53279,9872,430013,200,0
0,505961,0,-916,338131,9878,239062,9451,53279,9872,430013,200,0
0,505961,0,266,338131,9878,239062,9451,53279,9872,430013,200,0
0,505961,0,620,338131,9878,239062,9451,53279,9872,430013,200,0
0,505961,0,872,338131,9878,239062,9451,53279,9872,430013,200,0
0,505961,0,397,338131,9878,239062,9451,53279,9872,430013,200,0
0,505961,0,-565,338131,9878,239062,9451,53279,9872,430013,200,0
0,505961,0,673,338131,9878,239062,9451,53279,9872,430013,200,0
0,505961,0,-663,338131,9878,239062,9451,53279,9872,430013,200,0
0,505961,0,-350,338131,9878,239062,9451,53279,9872,430013,200,0
0,109385,0,-193,629164,7830,150642,12571,149993,22753,616345,200,0
0,109385,0,-693,629164,7830,150642,12571,149993,22753,616345,200,0
0,109385,0,-709,629164,7830,150642,12571,149993,22753,616345,200,0
0,109385,0,-233,629164,7830,150642,12571,149993,22753,616345,200,0
0,109385,0,440,629164,7830,150642,12571,149993,22753,616345,200,0
0,109385,0,668,629164,7830,150642,12571,149993,22753,616345,200,0
0,109385,0,631,629164,7830,150642,12571,149993,22753,616345,200,0
0,109385,0,76,629164,7830,150642,12571,149993,22753,616345,200,0
0,109385,0,-381,629164,7830,150642,12571,149993,22753,616345,200,0
0,109385,0,-721,629164,7830,150642,12571,149993,22753,616345,200,0
0,150892,0,792,477544,36533,139498,20567,98682,16829,600964,200,0
0,150892,0,368,477544,36533,139498,20567,98682,16829,600964,200,0
0,150892,0,-196,477544,36533,139498,20567,98682,16829,600964,200,0
0,150892,0,-657,477544,36533,139498,20567,98682,16829,600964,200,0
0,150892,0,-365,477544,36533,139498,20567,98682,16829,600964,200,0
0,150892,0,-156,477544,36533,139498,20567,98682,16829,600964,200,0
0,150892,0,455,477544,36533,139498,20567,98682,16829,600964,200,0
0,150892,0,790,477544,36533,139498,20567,98682,16829,600964,200,0
0,150892,0,568,477544,36533,139498,20567,98682,16829,600964,200,0
0,150892,0,-403,477544,36533,139498,20567,98682,16829,600964,200,0
0,49318,0,642,75582,18702,24252,3750,27996,8050,102748,200,0
0,49318,0,746,75582,18702,24252,3750,27996,8050,102748,200,0
0,49318,0,235,75582,18702,24252,3750,27996,8050,102748,200,0
0,49318,0,-257,75582,18702,24252,3750,27996,8050,102748,200,0
0,49318,0,-651,75582,18702,24252,3750,27996,8050,102748,200,0
0,49318,0,-660,75582,18702,24252,3750,27996,8050,102748,200,0
0,49318,0,-134,75582,18702,24252,3750,27996,8050,102748,200,0
0,49318,0,784,75582,18702,24252,3750,27996,8050,102748,200,0
0,49318,0,877,75582,18702,24252,3750,27996,8050,102748,200,0
0,630786,0,-653,249768,16421,119663,55087,65719,25801,307604,200,0
0,630786,0,-135,249768,16421,119663,55087,65719,25801,307604,200,0
0,630786,0,346,249768,16421,119663,55087,65719,25801,307604,200,0
0,630786,0,921,249768,16421,119663,55087,65719,25801,307604,200,0
0,630786,0,742,249768,16421,119663,55087,65719,25801,307604,200,0
0,630786,0,260,249768,16421,119663,55087,65719,25801,307604,200,0
0,630786,0,-231,249768,16421,119663,55087,65719,25801,307604,200,0
0,630786,0,-524,249768,16421,119663,55087,65719,25801,307604,200,0
0,630786,0,-567,249768,16421,119663,55087,65719,25801,307604,200,0
0,630786,0,-94,249768,16421,119663,55087,65719,25801,307604,200,0
0,260701,0,-253,554269,25860,156848,20631,88017,18494,573162,200,0
0,260701,0,-694,554269,25860,156848,20631,88017,18494,573162,200,0
0,260701,0,-151,554269,25860,156848,20631,88017,18494,573162,200,0
0,260701,0,208,554269,25860,156848,20631,88017,18494,573162,200,0
0,260701,0,630,554269,25860,156848,20631,88017,18494,573162,200,0
0,260701,0,986,554269,25860,156848,20631,88017,18494,573162,200,0
0,260701,0,157,554269,25860,156848,20631,88017,18494,573162,200,0
0,260701,0,780,554269,25860,156848,20631,88017,18494,573162,200,0
0,260701,0,828,554269,25860,156848,20631,88017,18494,573162,200,0
0,260701,0,25,554269,25860,156848,20631,88017,18494,573162,200,0
0,260701,0,-382,554269,25860,156848,20631,88017,18494,573162,200,0
0,238379,0,281,810999,16861,122760,8903,104923,6977,738979,200,0
0,238379,0,-196,810999,16861,122760,8903,104923,6977,738979,200,0
0,238379,0,-525,810999,16861,122760,8903,104923,6977,738979,200,0
0,238379,0,-722,810999,16861,122760,8903,104923,6977,738979,200,0
0,238379,0,-398,810999,16861,122760,8903,104923,6977,738979,200,0
0,238379,0,659,810999,16861,122760,8903,104923,6977,738979,200,0
0,238379,0,904,810999,16861,122760,8903,104923,6977,738979,200,0
0,238379,0,481,810999,16861,122760,8903,104923,6977,738979,200,0
0,238379,0,114,810999,16861,122760,8903,104923,6977,738979,200,0
0,8003,0,483,77783,12669,29087,9374,13235,4263,115948,200,0
0,8003,0,1048,77783,12669,29087,9374,13235,4263,115948,200,0
0,8003,0,320,77783,12669,29087,9374,13235,4263,115948,200,0
0,8003,0,-166,77783,12669,29087,9374,13235,4263,115948,200,0
0,8003,0,-522,77783,12669,29087,9374,13235,4263,115948,200,0
0,8003,0,-540,77783,12669,29087,9374,13235,4263,115948,200,0
0,8003,0,-345,77783,12669,29087,9374,13235,4263,115948,200,0
0,8003,0,505,77783,12669,29087,9374,13235,4263,115948,200,0
0,8003,0,832,77783,12669,29087,9374,13235,4263,115948,200,0
0,8003,0,658,77783,12669,29087,9374,13235,4263,115948,200,0
0,674222,0,-435,399372,32299,182493,24530,94008,32021,454876,200,0
0,674222,0,164,399372,32299,182493,24530,94008,32021,454876,200,0
0,674222,0,705,399372,32299,182493,24530,94008,32021,454876,200,0
0,674222,0,777,399372,32299,182493,24530,94008,32021,454876,200,0
0,674222,0,182,399372,32299,182493,24530,94008,32021,454876,200,0
0,674222,0,-307,399372,32299,182493,24530,94008,32021,454876,200,0
0,674222,0,-506,399372,32299,182493,24530,94008,32021,454876,200,0
0,674222,0,-1945,399372,32299,182493,24530,94008,32021,454876,200,0
0,674222,0,-388,399372,32299,182493,24530,94008,32021,454876,200,0
0,674222,0,561,399372,32299,182493,24530,94008,32021,454876,200,0
0,715362,0,123,1724711,62531,529918,38753,232139,37017,1604143,200,0
0,715362,0,-182,1724711,62531,529918,38753,232139,37017,1604143,200,0
0,715362,0,168,1724711,62531,529918,38753,232139,37017,1604143,200,0
0,715362,0,994,1724711,62531,529918,38753,232139,37017,1604143,200,0
0,715362,0,1040,1724711,62531,529918,38753,232139,37017,1604143,200,0
0,715362,0,465,1724711,62531,529918,38753,232139,37017,1604143,200,0
0,715362,0,-141,1724711,62531,529918,38753,232139,37017,1604143,200,0
0,715362,0,-525,1724711,62531,529918,38753,232139,37017,1604143,200,0
0,715362,0,-715,1724711,62531,529918,38753,232139,37017,1604143,200,0
0,715362,0,53,1724711,62531,529918,38753,232139,37017,1604143,200,0
0,651692,0,112,324366,47208,113047,33982,61557,18843,101867,200,0
0,651692,0,-483,324366,47208,113047,33982,61557,18843,101867,200,0
0,651692,0,-730,324366,47208,113047,33982,61557,18843,101867,200,0
0,651692,0,644,324366,47208,113047,33982,61557,18843,101867,200,0
0,651692,0,38,324366,47208,113047,33982,61557,18843,101867,200,0
0,651692,0,-541,324366,47208,113047,33982,61557,18843,101867,200,0
0,651692,0,689,324366,47208,113047,33982,61557,18843,101867,200,0
0,651692,0,563,324366,47208,113047,33982,61557,18843,101867,200,0
0,651692,0,138,324366,47208,113047,33982,61557,18843,101867,200,0
0,651692,0,-365,324366,47208,113047,33982,61557,18843,101867,200,0
0,147098,0,758,292084,14906,86724,2940,125612,5247,692499,200,0
0,147098,0,-21,292084,14906,86724,2940,125612,5247,692499,200,0
0,147098,0,-117,292084,14906,86724,2940,125612,5247,692499,200,0
0,147098,0,-529,292084,14906,86724,2940,125612,5247,692499,200,0
0,147098,0,-297,292084,14906,86724,2940,125612,5247,692499,200,0
0,147098,0,-787,292084,14906,86724,2940,125612,5247,692499,200,0
0,147098,0,146,292084,14906,86724,2940,125612,5247,692499,200,0
0,147098,0,1184,292084,14906,86724,2940,125612,5247,692499,200,0
0,147098,0,791,292084,14906,86724,2940,125612,5247,692499,200,0
0,147098,0,-6,292084,14906,86724,2940,125612,5247,692499,200,0
0,370212,0,113,481461,26026,141546,10706,125538,6407,614468,200,0
0,370212,0,635,481461,26026,141546,10706,125538,6407,614468,200,0
0,370212,0,883,481461,26026,141546,10706,125538,6407,614468,200,0
0,370212,0,567,481461,26026,141546,10706,125538,6407,614468,200,0
0,370212,0,-314,481461,26026,141546,10706,125538,6407,614468,200,0
0,370212,0,-725,481461,26026,141546,10706,125538,6407,614468,200,0
0,370212,0,-585,481461,26026,141546,10706,125538,6407,614468,200,0
0,370212,0,-76,481461,26026,141546,10706,125538,6407,614468,200,0
0,370212,0,560,481461,26026,141546,10706,125538,6407,614468,200,0
0,370212,0,724,481461,26026,141546,10706,125538,6407,614468,200,0
0,255703,0,-452,230213,7709,137096,17646,89033,18434,506026,200,0
0,255703,0,170,230213,7709,137096,17646,89033,18434,506026,200,0
0,255703,0,789,230213,7709,137096,17646,89033,18434,506026,200,0
0,255703,0,589,230213,7709,137096,17646,89033,18434,506026,200,0
0,255703,0,163,230213,7709,137096,17646,89033,18434,506026,200,0
0,255703,0,-385,230213,7709,137096,17646,89033,18434,506026,200,0
0,255703,0,-611,230213,7709,137096,17646,89033,18434,506026,200,0
0,255703,0,256,230213,7709,137096,17646,89033,18434,506026,200,0
0,255703,0,648,230213,7709,137096,17646,89033,18434,506026,200,0
0,255703,0,612,230213,7709,137096,17646,89033,18434,506026,200,0
0,36607,0,-593,55426,2442,38132,1285,29574,670,172864,200,0
0,36607,0,-705,55426,2442,38132,1285,29574,670,172864,200,0
0,36607,0,-155,55426,2442,38132,1285,29574,670,172864,200,0
0,36607,0,390,55426,2442,38132,1285,29574,670,172864,200,0
0,36607,0,700,55426,2442,38132,1285,29574,670,172864,200,0
0,36607,0,656,55426,2442,38132,1285,29574,670,172864,200,0
0,36607,0,220,55426,2442,38132,1285,29574,670,172864,200,0
0,36607,0,9,55426,2442,38132,1285,29574,670,172864,200,0
0,36607,0,-678,55426,2442,38132,1285,29574,670,172864,200,0
0,231282,0,529,533409,11703,214750,2915,128158,587,690944,200,0
0,231282,0,153,533409,11703,214750,2915,128158,587,690944,200,0
0,231282,0,-467,533409,11703,214750,2915,128158,587,690944,200,0
0,231282,0,-643,533409,11703,214750,2915,128158,587,690944,200,0
0,231282,0,-347,533409,11703,214750,2915,128158,587,690944,200,0
0,231282,0,103,533409,11703,214750,2915,128158,587,690944,200,0
0,231282,0,-526,533409,11703,214750,2915,128158,587,690944,200,0
0,231282,0,-519,533409,11703,214750,2915,128158,587,690944,200,0
0,231282,0,-292,533409,11703,214750,2915,128158,587,690944,200,0
0,231282,0,732,533409,11703,214750,2915,128158,587,690944,200,0
0,231282,0,-677,533409,11703,214750,2915,128158,587,690944,200,0
0,308598,0,-388,426388,14143,263836,2466,113025,1245,702158,200,0
0,308598,0,758,426388,14143,263836,2466,113025,1245,702158,200,0
0,308598,0,413,426388,14143,263836,2466,113025,1245,702158,200,0
0,308598,0,-209,426388,14143,263836,2466,113025,1245,702158,200,0
0,308598,0,-759,426388,14143,263836,2466,113025,1245,702158,200,0
0,308598,0,-467,426388,14143,263836,2466,113025,1245,702158,200,0
0,308598,0,83,426388,14143,263836,2466,113025,1245,702158,200,0
0,308598,0,411,426388,14143,263836,2466,113025,1245,702158,200,0
0,308598,0,781,426388,14143,263836,2466,113025,1245,702158,200,0
0,308598,0,497,426388,14143,263836,2466,113025,1245,702158,200,0
0,176864,0,183,469555,9417,183513,5697,106692,2548,633329,200,0
0,176864,0,603,469555,9417,183513,5697,106692,2548,633329,200,0
0,176864,0,756,469555,9417,183513,5697,106692,2548,633329,200,0
0,176864,0,395,469555,9417,183513,5697,106692,2548,633329,200,0
0,176864,0,-258,469555,9417,183513,5697,106692,2548,633329,200,0
0,176864,0,-605,469555,9417,183513,5697,106692,2548,633329,200,0
0,176864,0,-572,469555,9417,183513,5697,106692,2548,633329,200,0
0,176864,0,-20,469555,9417,183513,5697,106692,2548,633329,200,0
0,176864,0,595,469555,9417,183513,5697,106692,2548,633329,200,0
0,204768,0,-477,420961,9598,138985,2255,108311,1180,677572,200,0
0,204768,0,-629,420961,9598,138985,2255,108311,1180,677572,200,0
0,204768,0,-190,420961,9598,138985,2255,108311,1180,677572,200,0
0,204768,0,290,420961,9598,138985,2255,108311,1180,677572,200,0
0,204768,0,643,420961,9598,138985,2255,108311,1180,677572,200,0
0,204768,0,583,420961,9598,138985,2255,108311,1180,677572,200,0
0,204768,0,134,420961,9598,138985,2255,108311,1180,677572,200,0
0,204768,0,-435,420961,9598,138985,2255,108311,1180,677572,200,0
0,204768,0,-613,420961,9598,138985,2255,108311,1180,677572,200,0
0,204768,0,-329,420961,9598,138985,2255,108311,1180,677572,200,0
0,421192,0,-190,342347,2327,182943,978,114082,3035,646227,200,0
0,421192,0,-598,342347,2327,182943,978,114082,3035,646227,200,0
0,421192,0,-649,342347,2327,182943,978,114082,3035,646227,200,0
0,421192,0,-294,342347,2327,182943,978,114082,3035,646227,200,0
0,421192,0,265,342347,2327,182943,978,114082,3035,646227,200,0
0,421192,0,664,342347,2327,182943,978,114082,3035,646227,200,0
0,421192,0,600,342347,2327,182943,978,114082,3035,646227,200,0
0,421192,0,218,342347,2327,182943,978,114082,3035,646227,200,0
0,421192,0,-332,342347,2327,182943,978,114082,3035,646227,200,0
0,421192,0,-635,342347,2327,182943,978,114082,3035,646227,200,0
0,167317,0,774,372943,2047,155529,975,127734,2712,634566,200,0
0,167317,0,406,372943,2047,155529,975,127734,2712,634566,200,0
0,167317,0,-185,372943,2047,155529,975,127734,2712,634566,200,0
0,167317,0,-266,372943,2047,155529,975,127734,2712,634566,200,0
0,167317,0,-486,372943,2047,155529,975,127734,2712,634566,200,0
0,167317,0,-86,372943,2047,155529,975,127734,2712,634566,200,0
0,167317,0,193,372943,2047,155529,975,127734,2712,634566,200,0
0,167317,0,295,372943,2047,155529,975,127734,2712,634566,200,0
0,167317,0,1098,372943,2047,155529,975,127734,2712,634566,200,0
0,167317,0,237,372943,2047,155529,975,127734,2712,634566,200,0
0,414692,0,629,404109,15246,228643,1620,92172,1396,672508,200,0
0,414692,0,602,404109,15246,228643,1620,92172,1396,672508,200,0
0,414692,0,220,404109,15246,228643,1620,92172,1396,672508,200,0
0,414692,0,-248,404109,15246,228643,1620,92172,1396,672508,200,0
0,414692,0,-4,404109,15246,228643,1620,92172,1396,672508,200,0
0,414692,0,-436,404109,15246,228643,1620,92172,1396,672508,200,0
0,414692,0,-488,404109,15246,228643,1620,92172,1396,672508,200,0
0,414692,0,-203,404109,15246,228643,1620,92172,1396,672508,200,0
0,414692,0,387,404109,15246,228643,1620,92172,1396,672508,200,0
0,414692,0,737,404109,15246,228643,1620,92172,1396,672508,200,0
0,292179,0,-638,168379,6023,146630,2914,114621,685,622833,200,0
0,292179,0,-133,168379,6023,146630,2914,114621,685,622833,200,0
0,292179,0,261,168379,6023,146630,2914,114621,685,622833,200,0
0,292179,0,646,168379,6023,146630,2914,114621,685,622833,200,0
0,292179,0,688,168379,6023,146630,2914,114621,685,622833,200,0
0,292179,0,264,168379,6023,146630,2914,114621,685,622833,200,0
0,292179,0,-232,168379,6023,146630,2914,114621,685,622833,200,0
0,292179,0,-582,168379,6023,146630,2914,114621,685,622833,200,0
0,292179,0,-568,168379,6023,146630,2914,114621,685,622833,200,0
0,292179,0,200,168379,6023,146630,2914,114621,685,622833,200,0
0,784600,0,-359,415464,9061,183726,4017,110858,1288,623135,200,0
0,784600,0,-595,415464,9061,183726,4017,110858,1288,623135,200,0
0,784600,0,-84,415464,9061,183726,4017,110858,1288,623135,200,0
0,784600,0,-409,415464,9061,183726,4017,110858,1288,623135,200,0
0,784600,0,819,415464,9061,183726,4017,110858,1288,623135,200,0
0,784600,0,681,415464,9061,183726,4017,110858,1288,623135,200,0
0,784600,0,-81,415464,9061,183726,4017,110858,1288,623135,200,0
0,784600,0,-349,415464,9061,183726,4017,110858,1288,623135,200,0
0,784600,0,-410,415464,9061,183726,4017,110858,1288,623135,200,0
0,784600,0,-209,415464,9061,183726,4017,110858,1288,623135,200,0
0,1039263,0,371,941632,106119,593355,9280,336674,6305,2183839,200,0
0,1039263,0,-262,941632,106119,593355,9280,336674,6305,2183839,200,0
0,1039263,0,-602,941632,106119,593355,9280,336674,6305,2183839,200,0
0,1039263,0,-540,941632,106119,593355,9280,336674,6305,2183839,200,0
0,1039263,0,56,941632,106119,593355,9280,336674,6305,2183839,200,0
0,1039263,0,316,941632,106119,593355,9280,336674,6305,2183839,200,0
0,1039263,0,659,941632,106119,593355,9280,336674,6305,2183839,200,0
0,1039263,0,552,941632,106119,593355,9280,336674,6305,2183839,200,0
0,1039263,0,585,941632,106119,593355,9280,336674,6305,2183839,200,0
0,1039263,0,-419,941632,106119,593355,9280,336674,6305,2183839,200,0
0,99390,0,555,253718,9399,132839,2862,74592,1149,482487,200,0
0,99390,0,212,253718,9399,132839,2862,74592,1149,482487,200,0
0,99390,0,-204,253718,9399,132839,2862,74592,1149,482487,200,0
0,99390,0,-450,253718,9399,132839,2862,74592,1149,482487,200,0
0,99390,0,-587,253718,9399,132839,2862,74592,1149,482487,200,0
0,99390,0,-341,253718,9399,132839,2862,74592,1149,482487,200,0
0,99390,0,-214,253718,9399,132839,2862,74592,1149,482487,200,0
0,99390,0,453,253718,9399,132839,2862,74592,1149,482487,200,0
0,99390,0,567,253718,9399,132839,2862,74592,1149,482487,200,0
0,333655,0,-406,325034,7107,110575,1860,124202,1493,609299,200,0
0,333655,0,145,325034,7107,110575,1860,124202,1493,609299,200,0
0,333655,0,247,325034,7107,110575,1860,124202,1493,609299,200,0
0,333655,0,807,325034,7107,110575,1860,124202,1493,609299,200,0
0,333655,0,468,325034,7107,110575,1860,124202,1493,609299,200,0
0,333655,0,-183,325034,7107,110575,1860,124202,1493,609299,200,0
0,333655,0,-473,325034,7107,110575,1860,124202,1493,609299,200,0
0,333655,0,-450,325034,7107,110575,1860,124202,1493,609299,200,0
0,333655,0,869,325034,7107,110575,1860,124202,1493,609299,200,0
0,333655,0,-406,325034,7107,110575,1860,124202,1493,609299,200,0
0,333655,0,369,325034,7107,110575,1860,124202,1493,609299,200,0
0,596077,0,284,242700,3750,144529,1606,98214,1508,584555,200,0
0,596077,0,-481,242700,3750,144529,1606,98214,1508,584555,200,0
0,596077,0,-306,242700,3750,144529,1606,98214,1508,584555,200,0
0,596077,0,-844,242700,3750,144529,1606,98214,1508,584555,200,0
0,596077,0,-233,242700,3750,144529,1606,98214,1508,584555,200,0
0,596077,0,4,242700,3750,144529,1606,98214,1508,584555,200,0
0,596077,0,237,242700,3750,144529,1606,98214,1508,584555,200,0
0,596077,0,297,242700,3750,144529,1606,98214,1508,584555,200,0
0,596077,0,309,242700,3750,144529,1606,98214,1508,584555,200,0
0,596077,0,346,242700,3750,144529,1606,98214,1508,584555,200,0
0,943827,0,-476,1149058,28262,362206,42717,160534,14410,1232143,200,0
0,943827,0,-1027,1149058,28262,362206,42717,160534,14410,1232143,200,0
0,943827,0,484,1149058,28262,362206,42717,160534,14410,1232143,200,0
0,943827,0,1123,1149058,28262,362206,42717,160534,14410,1232143,200,0
0,943827,0,487,1149058,28262,362206,42717,160534,14410,1232143,200,0
0,943827,0,217,1149058,28262,362206,42717,160534,14410,1232143,200,0
0,943827,0,169,1149058,28262,362206,42717,160534,14410,1232143,200,0
0,943827,0,86,1149058,28262,362206,42717,160534,14410,1232143,200,0
0,943827,0,-156,1149058,28262,362206,42717,160534,14410,1232143,200,0
0,1432029,0,203,164986,41544,46462,40514,42882,4564,522018,200,0
0,1432029,0,210,164986,41544,46462,40514,42882,4564,522018,200,0
0,1432029,0,-107,164986,41544,46462,40514,42882,4564,522018,200,0
0,1432029,0,-516,164986,41544,46462,40514,42882,4564,522018,200,0
0,1432029,0,-435,164986,41544,46462,40514,42882,4564,522018,200,0
0,1432029,0,-25,164986,41544,46462,40514,42882,4564,522018,200,0
0,1432029,0,195,164986,41544,46462,40514,42882,4564,522018,200,0
0,1432029,0,534,164986,41544,46462,40514,42882,4564,522018,200,0
0,1432029,0,561,164986,41544,46462,40514,42882,4564,522018,200,0
0,1432029,0,122,164986,41544,46462,40514,42882,4564,522018,200,0
0,1207610,0,131,360768,30207,391122,10926,216682,5504,1358683,200,0
0,1207610,0,535,360768,30207,391122,10926,216682,5504,1358683,200,0
0,1207610,0,700,360768,30207,391122,10926,216682,5504,1358683,200,0
0,1207610,0,348,360768,30207,391122,10926,216682,5504,1358683,200,0
0,1207610,0,-289,360768,30207,391122,10926,216682,5504,1358683,200,0
0,1207610,0,534,360768,30207,391122,10926,216682,5504,1358683,200,0
0,1207610,0,361,360768,30207,391122,10926,216682,5504,1358683,200,0
0,1207610,0,-41,360768,30207,391122,10926,216682,5504,1358683,200,0
0,1207610,0,474,360768,30207,391122,10926,216682,5504,1358683,200,0
0,1207610,0,789,360768,30207,391122,10926,216682,5504,1358683,200,0
0,316437,0,-489,237406,20516,127518,3684,112796,1902,602452,200,0
0,316437,0,99,237406,20516,127518,3684,112796,1902,602452,200,0
0,316437,0,297,237406,20516,127518,3684,112796,1902,602452,200,0
0,316437,0,812,237406,20516,127518,3684,112796,1902,602452,200,0
0,316437,0,435,237406,20516,127518,3684,112796,1902,602452,200,0
0,316437,0,320,237406,20516,127518,3684,112796,1902,602452,200,0
0,316437,0,-536,237406,20516,127518,3684,112796,1902,602452,200,0
0,316437,0,-728,237406,20516,127518,3684,112796,1902,602452,200,0
0,316437,0,-530,237406,20516,127518,3684,112796,1902,602452,200,0
0,316437,0,442,237406,20516,127518,3684,112796,1902,602452,200,0
0,322076,0,-605,285689,6153,165194,16473,76645,10743,501212,200,0
0,322076,0,-443,285689,6153,165194,16473,76645,10743,501212,200,0
0,322076,0,-571,285689,6153,165194,16473,76645,10743,501212,200,0
0,322076,0,-520,285689,6153,165194,16473,76645,10743,501212,200,0
0,322076,0,487,285689,6153,165194,16473,76645,10743,501212,200,0
0,322076,0,839,285689,6153,165194,16473,76645,10743,501212,200,0
0,322076,0,497,285689,6153,165194,16473,76645,10743,501212,200,0
0,322076,0,146,285689,6153,165194,16473,76645,10743,501212,200,0
0,322076,0,-339,285689,6153,165194,16473,76645,10743,501212,200,0
0,322076,0,-548,285689,6153,165194,16473,76645,10743,501212,200,0
0,140058,0,362,192292,56566,99231,23961,61892,32250,374860,200,0
0,140058,0,-189,192292,56566,99231,23961,61892,32250,374860,200,0
0,140058,0,-471,192292,56566,99231,23961,61892,32250,374860,200,0
0,140058,0,-523,192292,56566,99231,23961,61892,32250,374860,200,0
0,140058,0,-65,192292,56566,99231,23961,61892,32250,374860,200,0
0,140058,0,236,192292,56566,99231,23961,61892,32250,374860,200,0
0,140058,0,647,192292,56566,99231,23961,61892,32250,374860,200,0
0,140058,0,616,192292,56566,99231,23961,61892,32250,374860,200,0
0,140058,0,152,192292,56566,99231,23961,61892,32250,374860,200,0
0,140058,0,-489,192292,56566,99231,23961,61892,32250,374860,200,0
0,186366,0,595,453642,36547,85177,11414,82544,14009,372685,200,0
0,186366,0,602,453642,36547,85177,11414,82544,14009,372685,200,0
0,186366,0,349,453642,36547,85177,11414,82544,14009,372685,200,0
0,186366,0,-253,453642,36547,85177,11414,82544,14009,372685,200,0
0,186366,0,-650,453642,36547,85177,11414,82544,14009,372685,200,0
0,186366,0,-817,453642,36547,85177,11414,82544,14009,372685,200,0
0,186366,0,56,453642,36547,85177,11414,82544,14009,372685,200,0
0,186366,0,631,453642,36547,85177,11414,82544,14009,372685,200,0
0,186366,0,1035,453642,36547,85177,11414,82544,14009,372685,200,0
0,186366,0,226,453642,36547,85177,11414,82544,14009,372685,200,0
0,258704,0,146,201044,19066,198280,2535,96426,1281,592758,200,0
0,258704,0,674,201044,19066,198280,2535,96426,1281,592758,200,0
0,258704,0,697,201044,19066,198280,2535,96426,1281,592758,200,0
0,258704,0,156,201044,19066,198280,2535,96426,1281,592758,200,0
0,258704,0,-604,201044,19066,198280,2535,96426,1281,592758,200,0
0,258704,0,-473,201044,19066,198280,2535,96426,1281,592758,200,0
0,258704,0,-518,201044,19066,198280,2535,96426,1281,592758,200,0
0,258704,0,-104,201044,19066,198280,2535,96426,1281,592758,200,0
0,258704,0,186,201044,19066,198280,2535,96426,1281,592758,200,0
0,258704,0,-588,201044,19066,198280,2535,96426,1281,592758,200,0
0,211307,0,309,477374,9534,149880,4533,94577,1832,578484,200,0
0,211307,0,-247,477374,9534,149880,4533,94577,1832,578484,200,0
0,211307,0,130,477374,9534,149880,4533,94577,1832,578484,200,0
0,211307,0,-292,477374,9534,149880,4533,94577,1832,578484,200,0
0,211307,0,709,477374,9534,149880,4533,94577,1832,578484,200,0
0,211307,0,301,477374,9534,149880,4533,94577,1832,578484,200,0
0,211307,0,-373,477374,9534,149880,4533,94577,1832,578484,200,0
0,211307,0,-614,477374,9534,149880,4533,94577,1832,578484,200,0
0,211307,0,-518,477374,9534,149880,4533,94577,1832,578484,200,0
0,211307,0,848,477374,9534,149880,4533,94577,1832,578484,200,0
0,58509,0,-284,96279,7536,38727,3448,19889,2426,114439,200,0
0,58509,0,-680,96279,7536,38727,3448,19889,2426,114439,200,0
0,58509,0,17,96279,7536,38727,3448,19889,2426,114439,200,0
0,58509,0,592,96279,7536,38727,3448,19889,2426,114439,200,0
0,58509,0,485,96279,7536,38727,3448,19889,2426,114439,200,0
0,58509,0,-502,96279,7536,38727,3448,19889,2426,114439,200,0
0,58509,0,432,96279,7536,38727,3448,19889,2426,114439,200,0
0,58509,0,775,96279,7536,38727,3448,19889,2426,114439,200,0
0,58509,0,-91,96279,7536,38727,3448,19889,2426,114439,200,0
0,58509,0,418,96279,7536,38727,3448,19889,2426,114439,200,0
0,1413861,0,-283,111354,95294,54375,24547,69232,11442,453253,200,0
0,1413861,0,324,111354,95294,54375,24547,69232,11442,453253,200,0
0,1413861,0,38,111354,95294,54375,24547,69232,11442,453253,200,0
0,1413861,0,-417,111354,95294,54375,24547,69232,11442,453253,200,0
0,1413861,0,-428,111354,95294,54375,24547,69232,11442,453253,200,0
0,1413861,0,-162,111354,95294,54375,24547,69232,11442,453253,200,0
0,1413861,0,547,111354,95294,54375,24547,69232,11442,453253,200,0
0,1413861,0,753,111354,95294,54375,24547,69232,11442,453253,200,0
0,1413861,0,474,111354,95294,54375,24547,69232,11442,453253,200,0
0,1413861,0,-68,111354,95294,54375,24547,69232,11442,453253,200,0
0,183373,0,663,505288,7664,186475,2844,90594,1972,582210,200,0
0,183373,0,706,505288,7664,186475,2844,90594,1972,582210,200,0
0,183373,0,418,505288,7664,186475,2844,90594,1972,582210,200,0
0,183373,0,-196,505288,7664,186475,2844,90594,1972,582210,200,0
0,183373,0,-776,505288,7664,186475,2844,90594,1972,582210,200,0
0,183373,0,-562,505288,7664,186475,2844,90594,1972,582210,200,0
0,183373,0,220,505288,7664,186475,2844,90594,1972,582210,200,0
0,183373,0,-20,505288,7664,186475,2844,90594,1972,582210,200,0
0,183373,0,781,505288,7664,186475,2844,90594,1972,582210,200,0
0,183373,0,-201,505288,7664,186475,2844,90594,1972,582210,200,0
0,130328,0,-395,230700,4489,157488,5200,87542,1459,537623,200,0
0,130328,0,277,230700,4489,157488,5200,87542,1459,537623,200,0
0,130328,0,642,230700,4489,157488,5200,87542,1459,537623,200,0
0,130328,0,537,230700,4489,157488,5200,87542,1459,537623,200,0
0,130328,0,100,230700,4489,157488,5200,87542,1459,537623,200,0
0,130328,0,-263,230700,4489,157488,5200,87542,1459,537623,200,0
0,130328,0,-517,230700,4489,157488,5200,87542,1459,537623,200,0
0,130328,0,-396,230700,4489,157488,5200,87542,1459,537623,200,0
0,130328,0,38,230700,4489,157488,5200,87542,1459,537623,200,0
0,105912,0,-435,322353,1184,124770,2116,77507,1137,454890,200,0
0,105912,0,-658,322353,1184,124770,2116,77507,1137,454890,200,0
0,105912,0,681,322353,1184,124770,2116,77507,1137,454890,200,0
0,105912,0,93,322353,1184,124770,2116,77507,1137,454890,200,0
0,105912,0,507,322353,1184,124770,2116,77507,1137,454890,200,0
0,105912,0,467,322353,1184,124770,2116,77507,1137,454890,200,0
0,105912,0,197,322353,1184,124770,2116,77507,1137,454890,200,0
0,105912,0,-30,322353,1184,124770,2116,77507,1137,454890,200,0
0,105912,0,-264,322353,1184,124770,2116,77507,1137,454890,200,0
0,105912,0,-46,322353,1184,124770,2116,77507,1137,454890,200,0
0,79548,0,340,239731,5839,87826,973,66498,1469,357757,200,0
0,79548,0,325,239731,5839,87826,973,66498,1469,357757,200,0
0,79548,0,-842,239731,5839,87826,973,66498,1469,357757,200,0
0,79548,0,-329,239731,5839,87826,973,66498,1469,357757,200,0
0,79548,0,-238,239731,5839,87826,973,66498,1469,357757,200,0
0,79548,0,152,239731,5839,87826,973,66498,1469,357757,200,0
0,79548,0,198,239731,5839,87826,973,66498,1469,357757,200,0
0,79548,0,285,239731,5839,87826,973,66498,1469,357757,200,0
0,79548,0,420,239731,5839,87826,973,66498,1469,357757,200,0
0,79548,0,-109,239731,5839,87826,973,66498,1469,357757,200,0
0,79548,0,498,239731,5839,87826,973,66498,1469,357757,200,0
0,470550,0,761,189644,4478,99828,2102,91818,608,430032,200,0
0,470550,0,599,189644,4478,99828,2102,91818,608,430032,200,0
0,470550,0,70,189644,4478,99828,2102,91818,608,430032,200,0
0,470550,0,-563,189644,4478,99828,2102,91818,608,430032,200,0
0,470550,0,-598,189644,4478,99828,2102,91818,608,430032,200,0
0,470550,0,-152,189644,4478,99828,2102,91818,608,430032,200,0
0,470550,0,234,189644,4478,99828,2102,91818,608,430032,200,0
0,470550,0,585,189644,4478,99828,2102,91818,608,430032,200,0
0,470550,0,496,189644,4478,99828,2102,91818,608,430032,200,0
0,193397,0,-251,303163,7246,123322,735,90138,1139,478453,200,0
0,193397,0,188,303163,7246,123322,735,90138,1139,478453,200,0
0,193397,0,393,303163,7246,123322,735,90138,1139,478453,200,0
0,193397,0,517,303163,7246,123322,735,90138,1139,478453,200,0
0,193397,0,248,303163,7246,123322,735,90138,1139,478453,200,0
0,193397,0,-102,303163,7246,123322,735,90138,1139,478453,200,0
0,193397,0,-443,303163,7246,123322,735,90138,1139,478453,200,0
0,193397,0,-452,303163,7246,123322,735,90138,1139,478453,200,0
0,193397,0,-24,303163,7246,123322,735,90138,1139,478453,200,0
0,193397,0,394,303163,7246,123322,735,90138,1139,478453,200,0
0,128636,0,-388,471424,5319,121295,3399,69990,1127,466283,200,0
0,128636,0,-169,471424,5319,121295,3399,69990,1127,466283,200,0
0,128636,0,-1,471424,5319,121295,3399,69990,1127,466283,200,0
0,128636,0,580,471424,5319,121295,3399,69990,1127,466283,200,0
0,128636,0,444,471424,5319,121295,3399,69990,1127,466283,200,0
0,128636,0,298,471424,5319,121295,3399,69990,1127,466283,200,0
0,128636,0,-161,471424,5319,121295,3399,69990,1127,466283,200,0
0,128636,0,-395,471424,5319,121295,3399,69990,1127,466283,200,0
0,128636,0,-515,471424,5319,121295,3399,69990,1127,466283,200,0
0,128636,0,-149,471424,5319,121295,3399,69990,1127,466283,200,0
0,63865,0,456,336105,1513,90018,4217,96448,4753,390743,200,0
0,63865,0,-249,336105,1513,90018,4217,96448,4753,390743,200,0
0,63865,0,-622,336105,1513,90018,4217,96448,4753,390743,200,0
0,63865,0,-295,336105,1513,90018,4217,96448,4753,390743,200,0
0,63865,0,34,336105,1513,90018,4217,96448,4753,390743,200,0
0,63865,0,586,336105,1513,90018,4217,96448,4753,390743,200,0
0,63865,0,599,336105,1513,90018,4217,96448,4753,390743,200,0
0,63865,0,456,336105,1513,90018,4217,96448,4753,390743,200,0
0,63865,0,-201,336105,1513,90018,4217,96448,4753,390743,200,0
0,63865,0,-437,336105,1513,90018,4217,96448,4753,390743,200,0
0,841746,0,-421,677115,149879,405803,9249,296006,4034,1847393,200,0
0,841746,0,82,677115,149879,405803,9249,296006,4034,1847393,200,0
0,841746,0,-375,677115,149879,405803,9249,296006,4034,1847393,200,0
0,841746,0,-458,677115,149879,405803,9249,296006,4034,1847393,200,0
0,841746,0,-190,677115,149879,405803,9249,296006,4034,1847393,200,0
0,841746,0,53,677115,149879,405803,9249,296006,4034,1847393,200,0
0,841746,0,564,677115,149879,405803,9249,296006,4034,1847393,200,0
0,841746,0,-426,677115,149879,405803,9249,296006,4034,1847393,200,0
0,841746,0,-408,677115,149879,405803,9249,296006,4034,1847393,200,0
0,841746,0,493,677115,149879,405803,9249,296006,4034,1847393,200,0
0,1266385,0,-162,1495693,80581,428229,17448,261149,3047,1843828,200,0
0,1266385,0,551,1495693,80581,428229,17448,261149,3047,1843828,200,0
0,1266385,0,647,1495693,80581,428229,17448,261149,3047,1843828,200,0
0,1266385,0,493,1495693,80581,428229,17448,261149,3047,1843828,200,0
0,1266385,0,-34,1495693,80581,428229,17448,261149,3047,1843828,200,0
0,1266385,0,-421,1495693,80581,428229,17448,261149,3047,1843828,200,0
0,1266385,0,-489,1495693,80581,428229,17448,261149,3047,1843828,200,0
0,1266385,0,-198,1495693,80581,428229,17448,261149,3047,1843828,200,0
0,1266385,0,361,1495693,80581,428229,17448,261149,3047,1843828,200,0
0,1266385,0,592,1495693,80581,428229,17448,261149,3047,1843828,200,0
0,157433,0,-324,299808,5067,113303,2539,61402,1281,413021,200,0
0,157433,0,3,299808,5067,113303,2539,61402,1281,413021,200,0
0,157433,0,513,299808,5067,113303,2539,61402,1281,413021,200,0
0,157433,0,707,299808,5067,113303,2539,61402,1281,413021,200,0
0,157433,0,370,299808,5067,113303,2539,61402,1281,413021,200,0
0,157433,0,-145,299808,5067,113303,2539,61402,1281,413021,200,0
0,157433,0,-385,299808,5067,113303,2539,61402,1281,413021,200,0
0,157433,0,-597,299808,5067,113303,2539,61402,1281,413021,200,0
0,157433,0,-115,299808,5067,113303,2539,61402,1281,413021,200,0
0,157433,0,377,299808,5067,113303,2539,61402,1281,413021,200,0
0,113682,0,-301,223310,4874,89686,1541,71376,2355,410268,200,0
0,113682,0,-449,223310,4874,89686,1541,71376,2355,410268,200,0
0,113682,0,-270,223310,4874,89686,1541,71376,2355,410268,200,0
0,113682,0,132,223310,4874,89686,1541,71376,2355,410268,200,0
0,113682,0,425,223310,4874,89686,1541,71376,2355,410268,200,0
0,113682,0,486,223310,4874,89686,1541,71376,2355,410268,200,0
0,113682,0,170,223310,4874,89686,1541,71376,2355,410268,200,0
0,113682,0,-188,223310,4874,89686,1541,71376,2355,410268,200,0
0,113682,0,-474,223310,4874,89686,1541,71376,2355,410268,200,0
0,113682,0,225,223310,4874,89686,1541,71376,2355,410268,200,0
0,659302,0,187,1072825,30532,425949,4798,288591,3755,1652544,200,0
0,659302,0,-436,1072825,30532,425949,4798,288591,3755,1652544,200,0
0,659302,0,-418,1072825,30532,425949,4798,288591,3755,1652544,200,0
0,659302,0,-291,1072825,30532,425949,4798,288591,3755,1652544,200,0
0,659302,0,-391,1072825,30532,425949,4798,288591,3755,1652544,200,0
0,659302,0,104,1072825,30532,425949,4798,288591,3755,1652544,200,0
0,659302,0,535,1072825,30532,425949,4798,288591,3755,1652544,200,0
0,659302,0,325,1072825,30532,425949,4798,288591,3755,1652544,200,0
0,659302,0,-259,1072825,30532,425949,4798,288591,3755,1652544,200,0
0,194082,0,416,219214,5974,113823,2071,65002,434,405330,200,0
0,194082,0,582,219214,5974,113823,2071,65002,434,405330,200,0
0,194082,0,324,219214,5974,113823,2071,65002,434,405330,200,0
0,194082,0,12,219214,5974,113823,2071,65002,434,405330,200,0
0,194082,0,-422,219214,5974,113823,2071,65002,434,405330,200,0
0,194082,0,49,219214,5974,113823,2071,65002,434,405330,200,0
0,194082,0,-247,219214,5974,113823,2071,65002,434,405330,200,0
0,194082,0,203,219214,5974,113823,2071,65002,434,405330,200,0
0,194082,0,530,219214,5974,113823,2071,65002,434,405330,200,0
0,194082,0,563,219214,5974,113823,2071,65002,434,405330,200,0
0,102592,0,-116,178955,2349,87678,4319,75698,935,394575,200,0
0,102592,0,242,178955,2349,87678,4319,75698,935,394575,200,0
0,102592,0,-451,178955,2349,87678,4319,75698,935,394575,200,0
0,102592,0,293,178955,2349,87678,4319,75698,935,394575,200,0
0,102592,0,532,178955,2349,87678,4319,75698,935,394575,200,0
0,102592,0,-125,178955,2349,87678,4319,75698,935,394575,200,0
0,102592,0,-371,178955,2349,87678,4319,75698,935,394575,200,0
0,102592,0,-472,178955,2349,87678,4319,75698,935,394575,200,0
0,102592,0,50,178955,2349,87678,4319,75698,935,394575,200,0
0,102592,0,144,178955,2349,87678,4319,75698,935,394575,200,0
0,102592,0,592,178955,2349,87678,4319,75698,935,394575,200,0
0,529357,0,-476,742415,7495,315037,9868,346089,3570,1592451,200,0
0,529357,0,-280,742415,7495,315037,9868,346089,3570,1592451,200,0
0,529357,0,141,742415,7495,315037,9868,346089,3570,1592451,200,0
0,529357,0,534,742415,7495,315037,9868,346089,3570,1592451,200,0
0,529357,0,537,742415,7495,315037,9868,346089,3570,1592451,200,0
0,529357,0,276,742415,7495,315037,9868,346089,3570,1592451,200,0
0,529357,0,-109,742415,7495,315037,9868,346089,3570,1592451,200,0
0,529357,0,-636,742415,7495,315037,9868,346089,3570,1592451,200,0
0,529357,0,-389,742415,7495,315037,9868,346089,3570,1592451,200,0
0,1154778,0,131,1481340,12403,503163,4274,297175,2668,1666166,200,0
0,1154778,0,-299,1481340,12403,503163,4274,297175,2668,1666166,200,0
0,1154778,0,-606,1481340,12403,503163,4274,297175,2668,1666166,200,0
0,1154778,0,-327,1481340,12403,503163,4274,297175,2668,1666166,200,0
0,1154778,0,90,1481340,12403,503163,4274,297175,2668,1666166,200,0
0,1154778,0,512,1481340,12403,503163,4274,297175,2668,1666166,200,0
0,1154778,0,501,1481340,12403,503163,4274,297175,2668,1666166,200,0
0,1154778,0,213,1481340,12403,503163,4274,297175,2668,1666166,200,0
0,1154778,0,-123,1481340,12403,503163,4274,297175,2668,1666166,200,0
0,1154778,0,-458,1481340,12403,503163,4274,297175,2668,1666166,200,0
0,838922,0,464,1061869,96260,249561,5922,266353,7357,1592081,200,0
0,838922,0,340,1061869,96260,249561,5922,266353,7357,1592081,200,0
0,838922,0,5,1061869,96260,249561,5922,266353,7357,1592081,200,0
0,838922,0,-370,1061869,96260,249561,5922,266353,7357,1592081,200,0
0,838922,0,-454,1061869,96260,249561,5922,266353,7357,1592081,200,0
0,838922,0,-131,1061869,96260,249561,5922,266353,7357,1592081,200,0
0,838922,0,285,1061869,96260,249561,5922,266353,7357,1592081,200,0
0,838922,0,576,1061869,96260,249561,5922,266353,7357,1592081,200,0
0,838922,0,465,1061869,96260,249561,5922,266353,7357,1592081,200,0
0,838922,0,88,1061869,96260,249561,5922,266353,7357,1592081,200,0
0,102323,0,411,249165,2124,87351,1439,82383,544,404942,200,0
0,102323,0,649,249165,2124,87351,1439,82383,544,404942,200,0
0,102323,0,426,249165,2124,87351,1439,82383,544,404942,200,0
0,102323,0,-109,249165,2124,87351,1439,82383,544,404942,200,0
0,102323,0,-263,249165,2124,87351,1439,82383,544,404942,200,0
0,102323,0,-298,249165,2124,87351,1439,82383,544,404942,200,0
0,102323,0,-260,249165,2124,87351,1439,82383,544,404942,200,0
0,102323,0,41,249165,2124,87351,1439,82383,544,404942,200,0
0,102323,0,487,249165,2124,87351,1439,82383,544,404942,200,0
0,102323,0,874,249165,2124,87351,1439,82383,544,404942,200,0
0,1329095,0,-459,1791222,12549,582135,9782,305666,5683,1727779,200,0
0,1329095,0,-113,1791222,12549,582135,9782,305666,5683,1727779,200,0
0,1329095,0,265,1791222,12549,582135,9782,305666,5683,1727779,200,0
0,1329095,0,565,1791222,12549,582135,9782,305666,5683,1727779,200,0
0,1329095,0,773,1791222,12549,582135,9782,305666,5683,1727779,200,0
0,1329095,0,160,1791222,12549,582135,9782,305666,5683,1727779,200,0
0,1329095,0,-253,1791222,12549,582135,9782,305666,5683,1727779,200,0
0,1329095,0,-521,1791222,12549,582135,9782,305666,5683,1727779,200,0
0,1329095,0,-360,1791222,12549,582135,9782,305666,5683,1727779,200,0
0,1329095,0,-5,1791222,12549,582135,9782,305666,5683,1727779,200,0
0,129713,0,-397,365816,4711,104182,3876,122277,1867,516330,200,0
0,129713,0,-494,365816,4711,104182,3876,122277,1867,516330,200,0
0,129713,0,-194,365816,4711,104182,3876,122277,1867,516330,200,0
0,129713,0,215,365816,4711,104182,3876,122277,1867,516330,200,0
0,129713,0,487,365816,4711,104182,3876,122277,1867,516330,200,0
0,129713,0,640,365816,4711,104182,3876,122277,1867,516330,200,0
0,129713,0,323,365816,4711,104182,3876,122277,1867,516330,200,0
0,129713,0,-265,365816,4711,104182,3876,122277,1867,516330,200,0
0,129713,0,-476,365816,4711,104182,3876,122277,1867,516330,200,0
0,129713,0,-325,365816,4711,104182,3876,122277,1867,516330,200,0
0,674889,0,411,1128154,16741,466047,6691,326295,5441,1720533,200,0
0,674889,0,-62,1128154,16741,466047,6691,326295,5441,1720533,200,0
0,674889,0,-519,1128154,16741,466047,6691,326295,5441,1720533,200,0
0,674889,0,-385,1128154,16741,466047,6691,326295,5441,1720533,200,0
0,674889,0,-109,1128154,16741,466047,6691,326295,5441,1720533,200,0
0,674889,0,221,1128154,16741,466047,6691,326295,5441,1720533,200,0
0,674889,0,657,1128154,16741,466047,6691,326295,5441,1720533,200,0
0,674889,0,332,1128154,16741,466047,6691,326295,5441,1720533,200,0
0,674889,0,99,1128154,16741,466047,6691,326295,5441,1720533,200,0
0,674889,0,-313,1128154,16741,466047,6691,326295,5441,1720533,200,0
0,780476,0,572,336006,17185,318156,6333,276293,3446,1479127,200,0
0,780476,0,264,336006,17185,318156,6333,276293,3446,1479127,200,0
0,780476,0,-118,336006,17185,318156,6333,276293,3446,1479127,200,0
0,780476,0,-353,336006,17185,318156,6333,276293,3446,1479127,200,0
0,780476,0,-417,336006,17185,318156,6333,276293,3446,1479127,200,0
0,780476,0,-365,336006,17185,318156,6333,276293,3446,1479127,200,0
0,780476,0,632,336006,17185,318156,6333,276293,3446,1479127,200,0
0,780476,0,439,336006,17185,318156,6333,276293,3446,1479127,200,0
0,780476,0,593,336006,17185,318156,6333,276293,3446,1479127,200,0
0,780476,0,0,336006,17185,318156,6333,276293,3446,1479127,200,0
0,1329305,0,281,617940,16955,308829,43610,190042,10007,1435332,55,0
0,1329305,0,587,617940,16955,308829,43610,190042,10007,1435332,55,0
0,1329305,0,853,617940,16955,308829,43610,190042,10007,1435332,55,0
0,1329305,0,-123,617940,16955,308829,43610,190042,10007,1435332,55,0
0,1329305,0,-555,617940,16955,308829,43610,190042,10007,1435332,55,0
0,1329305,0,55,617940,16955,308829,43610,190042,10007,1435332,55,0
0,1329305,0,13,617940,16955,308829,43610,190042,10007,1435332,55,0
0,1329305,0,-91,617940,16955,308829,43610,190042,10007,1435332,55,0
0,1329305,0,219,617940,16955,308829,43610,190042,10007,1435332,55,0
0,1329305,0,-133,617940,16955,308829,43610,190042,10007,1435332,55,0
0,1638808,0,-153,738500,33739,140802,19576,230743,3705,1090121,55,0
0,1638808,0,130,738500,33739,140802,19576,230743,3705,1090121,55,0
0,1638808,0,310,738500,33739,140802,19576,230743,3705,1090121,55,0
0,1638808,0,426,738500,33739,140802,19576,230743,3705,1090121,55,0
0,1638808,0,333,738500,33739,140802,19576,230743,3705,1090121,55,0
0,1638808,0,210,738500,33739,140802,19576,230743,3705,1090121,55,0
0,1638808,0,-598,738500,33739,140802,19576,230743,3705,1090121,55,0
0,1638808,0,-171,738500,33739,140802,19576,230743,3705,1090121,55,0
0,1638808,0,-10,738500,33739,140802,19576,230743,3705,1090121,55,0
0,1638808,0,64,738500,33739,140802,19576,230743,3705,1090121,55,0
0,509733,0,-75,721450,9753,217296,5131,145668,1230,912278,29,0
0,509733,0,-348,721450,9753,217296,5131,145668,1230,912278,29,0
0,509733,0,-509,721450,9753,217296,5131,145668,1230,912278,29,0
0,509733,0,-149,721450,9753,217296,5131,145668,1230,912278,29,0
0,509733,0,233,721450,9753,217296,5131,145668,1230,912278,29,0
0,509733,0,407,721450,9753,217296,5131,145668,1230,912278,29,0
0,509733,0,363,721450,9753,217296,5131,145668,1230,912278,29,0
0,509733,0,18,721450,9753,217296,5131,145668,1230,912278,29,0
0,509733,0,-163,721450,9753,217296,5131,145668,1230,912278,29,0
0,509733,0,-333,721450,9753,217296,5131,145668,1230,912278,29,0
0,568889,0,444,753583,41658,104398,6407,132607,1048,725298,29,0
0,568889,0,19,753583,41658,104398,6407,132607,1048,725298,29,0
0,568889,0,-394,753583,41658,104398,6407,132607,1048,725298,29,0
0,568889,0,-179,753583,41658,104398,6407,132607,1048,725298,29,0
0,568889,0,-61,753583,41658,104398,6407,132607,1048,725298,29,0
0,568889,0,363,753583,41658,104398,6407,132607,1048,725298,29,0
0,568889,0,328,753583,41658,104398,6407,132607,1048,725298,29,0
0,568889,0,486,753583,41658,104398,6407,132607,1048,725298,29,0
0,568889,0,59,753583,41658,104398,6407,132607,1048,725298,29,0
0,371398,0,193,157113,144384,17700,6446,118387,1390,853447,29,0
0,371398,0,-334,157113,144384,17700,6446,118387,1390,853447,29,0
0,371398,0,-155,157113,144384,17700,6446,118387,1390,853447,29,0
0,371398,0,365,157113,144384,17700,6446,118387,1390,853447,29,0
0,371398,0,-314,157113,144384,17700,6446,118387,1390,853447,29,0
0,371398,0,-489,157113,144384,17700,6446,118387,1390,853447,29,0
0,371398,0,-289,157113,144384,17700,6446,118387,1390,853447,29,0
0,371398,0,-324,157113,144384,17700,6446,118387,1390,853447,29,0
0,371398,0,266,157113,144384,17700,6446,118387,1390,853447,29,0
0,371398,0,535,157113,144384,17700,6446,118387,1390,853447,29,0
0,736396,0,-308,491388,134260,52778,7739,143915,5533,854246,29,0
0,736396,0,153,491388,134260,52778,7739,143915,5533,854246,29,0
0,736396,0,339,491388,134260,52778,7739,143915,5533,854246,29,0
0,736396,0,467,491388,134260,52778,7739,143915,5533,854246,29,0
0,736396,0,298,491388,134260,52778,7739,143915,5533,854246,29,0
0,736396,0,-83,491388,134260,52778,7739,143915,5533,854246,29,0
0,736396,0,-314,491388,134260,52778,7739,143915,5533,854246,29,0
0,736396,0,117,491388,134260,52778,7739,143915,5533,854246,29,0
0,736396,0,98,491388,134260,52778,7739,143915,5533,854246,29,0
0,736396,0,397,491388,134260,52778,7739,143915,5533,854246,29,0
0,736396,0,290,491388,134260,52778,7739,143915,5533,854246,29,0
0,233773,0,-213,659600,1191,193000,4496,158138,5113,905299,0,0
0,233773,0,-435,659600,1191,193000,4496,158138,5113,905299,0,0
0,233773,0,-121,659600,1191,193000,4496,158138,5113,905299,0,0
0,233773,0,204,659600,1191,193000,4496,158138,5113,905299,0,0
0,233773,0,475,659600,1191,193000,4496,158138,5113,905299,0,0
0,233773,0,332,659600,1191,193000,4496,158138,5113,905299,0,0
0,233773,0,116,659600,1191,193000,4496,158138,5113,905299,0,0
0,233773,0,-247,659600,1191,193000,4496,158138,5113,905299,0,0
0,233773,0,-365,659600,1191,193000,4496,158138,5113,905299,0,0
0,233773,0,-146,659600,1191,193000,4496,158138,5113,905299,0,0
0,2749481,0,-41,306106,86129,121915,8153,235970,3116,987971,55,0
0,2749481,0,-282,306106,86129,121915,8153,235970,3116,987971,55,0
0,2749481,0,-353,306106,86129,121915,8153,235970,3116,987971,55,0
0,2749481,0,-106,306106,86129,121915,8153,235970,3116,987971,55,0
0,2749481,0,266,306106,86129,121915,8153,235970,3116,987971,55,0
0,2749481,0,391,306106,86129,121915,8153,235970,3116,987971,55,0
0,2749481,0,352,306106,86129,121915,8153,235970,3116,987971,55,0
0,2749481,0,42,306106,86129,121915,8153,235970,3116,987971,55,0
0,2749481,0,-228,306106,86129,121915,8153,235970,3116,987971,55,0
0,74984,0,344,102393,28024,16381,1835,34390,855,208155,29,0
0,74984,0,370,102393,28024,16381,1835,34390,855,208155,29,0
0,74984,0,181,102393,28024,16381,1835,34390,855,208155,29,0
0,74984,0,-105,102393,28024,16381,1835,34390,855,208155,29,0
0,74984,0,-316,102393,28024,16381,1835,34390,855,208155,29,0
0,74984,0,-355,102393,28024,16381,1835,34390,855,208155,29,0
0,74984,0,80,102393,28024,16381,1835,34390,855,208155,29,0
0,74984,0,329,102393,28024,16381,1835,34390,855,208155,29,0
0,74984,0,-58,102393,28024,16381,1835,34390,855,208155,29,0
0,74984,0,246,102393,28024,16381,1835,34390,855,208155,29,0
0,429664,0,43,295831,142874,6120,10972,79415,3350,779470,29,0
0,429664,0,570,295831,142874,6120,10972,79415,3350,779470,29,0
0,429664,0,390,295831,142874,6120,10972,79415,3350,779470,29,0
0,429664,0,-42,295831,142874,6120,10972,79415,3350,779470,29,0
0,429664,0,86,295831,142874,6120,10972,79415,3350,779470,29,0
0,429664,0,-674,295831,142874,6120,10972,79415,3350,779470,29,0
0,429664,0,-135,295831,142874,6120,10972,79415,3350,779470,29,0
0,429664,0,-260,295831,142874,6120,10972,79415,3350,779470,29,0
0,429664,0,224,295831,142874,6120,10972,79415,3350,779470,29,0
0,429664,0,995,295831,142874,6120,10972,79415,3350,779470,29,0
0,455575,0,-569,307906,103113,69145,34971,96604,2158,992639,0,0
0,455575,0,20,307906,103113,69145,34971,96604,2158,992639,0,0
0,455575,0,107,307906,103113,69145,34971,96604,2158,992639,0,0
0,455575,0,253,307906,103113,69145,34971,96604,2158,992639,0,0
0,455575,0,1012,307906,103113,69145,34971,96604,2158,992639,0,0
0,455575,0,409,307906,103113,69145,34971,96604,2158,992639,0,0
0,455575,0,163,307906,103113,69145,34971,96604,2158,992639,0,0
0,455575,0,-535,307906,103113,69145,34971,96604,2158,992639,0,0
0,455575,0,-307,307906,103113,69145,34971,96604,2158,992639,0,0
0,455575,0,215,307906,103113,69145,34971,96604,2158,992639,0,0
0,135701,0,-452,212496,1647,113977,1871,97738,2445,480025,26,0
0,135701,0,-491,212496,1647,113977,1871,97738,2445,480025,26,0
0,135701,0,-676,212496,1647,113977,1871,97738,2445,480025,26,0
0,135701,0,-242,212496,1647,113977,1871,97738,2445,480025,26,0
0,135701,0,499,212496,1647,113977,1871,97738,2445,480025,26,0
0,135701,0,552,212496,1647,113977,1871,97738,2445,480025,26,0
0,135701,0,689,212496,1647,113977,1871,97738,2445,480025,26,0
0,135701,0,228,212496,1647,113977,1871,97738,2445,480025,26,0
0,135701,0,-309,212496,1647,113977,1871,97738,2445,480025,26,0
0,135701,0,-541,212496,1647,113977,1871,97738,2445,480025,26,0
0,276854,0,577,280968,6082,133858,3396,68452,3252,417732,26,0
0,276854,0,228,280968,6082,133858,3396,68452,3252,417732,26,0
0,276854,0,-249,280968,6082,133858,3396,68452,3252,417732,26,0
0,276854,0,-555,280968,6082,133858,3396,68452,3252,417732,26,0
0,276854,0,-684,280968,6082,133858,3396,68452,3252,417732,26,0
0,276854,0,-654,280968,6082,133858,3396,68452,3252,417732,26,0
0,276854,0,163,280968,6082,133858,3396,68452,3252,417732,26,0
0,276854,0,820,280968,6082,133858,3396,68452,3252,417732,26,0
0,276854,0,755,280968,6082,133858,3396,68452,3252,417732,26,0
0,276854,0,98,280968,6082,133858,3396,68452,3252,417732,26,0
0,732244,0,645,1144130,29107,501347,59651,332325,19723,1737097,26,0
0,732244,0,572,1144130,29107,501347,59651,332325,19723,1737097,26,0
0,732244,0,139,1144130,29107,501347,59651,332325,19723,1737097,26,0
0,732244,0,-138,1144130,29107,501347,59651,332325,19723,1737097,26,0
0,732244,0,-612,1144130,29107,501347,59651,332325,19723,1737097,26,0
0,732244,0,-489,1144130,29107,501347,59651,332325,19723,1737097,26,0
0,732244,0,-104,1144130,29107,501347,59651,332325,19723,1737097,26,0
0,732244,0,339,1144130,29107,501347,59651,332325,19723,1737097,26,0
0,732244,0,556,1144130,29107,501347,59651,332325,19723,1737097,26,0
0,732244,0,381,1144130,29107,501347,59651,332325,19723,1737097,26,0
0,45873,0,-196,213451,6410,102557,3294,80758,2192,475487,26,0
0,45873,0,375,213451,6410,102557,3294,80758,2192,475487,26,0
0,45873,0,699,213451,6410,102557,3294,80758,2192,475487,26,0
0,45873,0,418,213451,6410,102557,3294,80758,2192,475487,26,0
0,45873,0,35,213451,6410,102557,3294,80758,2192,475487,26,0
0,45873,0,-317,213451,6410,102557,3294,80758,2192,475487,26,0
0,45873,0,-491,213451,6410,102557,3294,80758,2192,475487,26,0
0,45873,0,-430,213451,6410,102557,3294,80758,2192,475487,26,0
0,45873,0,20,213451,6410,102557,3294,80758,2192,475487,26,0
0,45873,0,194,213451,6410,102557,3294,80758,2192,475487,26,0
0,295152,0,-545,239637,4899,154458,2558,79643,860,485028,26,0
0,295152,0,-279,239637,4899,154458,2558,79643,860,485028,26,0
0,295152,0,183,239637,4899,154458,2558,79643,860,485028,26,0
0,295152,0,662,239637,4899,154458,2558,79643,860,485028,26,0
0,295152,0,-347,239637,4899,154458,2558,79643,860,485028,26,0
0,295152,0,-410,239637,4899,154458,2558,79643,860,485028,26,0
0,295152,0,-253,239637,4899,154458,2558,79643,860,485028,26,0
0,295152,0,-359,239637,4899,154458,2558,79643,860,485028,26,0
0,295152,0,-499,239637,4899,154458,2558,79643,860,485028,26,0
0,1196612,0,450,1639512,16286,573552,8581,367653,6240,1980929,26,0
0,1196612,0,372,1639512,16286,573552,8581,367653,6240,1980929,26,0
0,1196612,0,695,1639512,16286,573552,8581,367653,6240,1980929,26,0
0,1196612,0,-417,1639512,16286,573552,8581,367653,6240,1980929,26,0
0,1196612,0,406,1639512,16286,573552,8581,367653,6240,1980929,26,0
0,1196612,0,-626,1639512,16286,573552,8581,367653,6240,1980929,26,0
0,1196612,0,105,1639512,16286,573552,8581,367653,6240,1980929,26,0
0,1196612,0,-282,1639512,16286,573552,8581,367653,6240,1980929,26,0
0,1196612,0,267,1639512,16286,573552,8581,367653,6240,1980929,26,0
0,1196612,0,-268,1639512,16286,573552,8581,367653,6240,1980929,26,0
0,1196612,0,-446,1639512,16286,573552,8581,367653,6240,1980929,26,0
0,1677251,0,487,2069285,76876,295336,67084,200362,11754,1442096,26,0
0,1677251,0,279,2069285,76876,295336,67084,200362,11754,1442096,26,0
0,1677251,0,-276,2069285,76876,295336,67084,200362,11754,1442096,26,0
0,1677251,0,-646,2069285,76876,295336,67084,200362,11754,1442096,26,0
0,1677251,0,-174,2069285,76876,295336,67084,200362,11754,1442096,26,0
0,1677251,0,411,2069285,76876,295336,67084,200362,11754,1442096,26,0
0,1677251,0,523,2069285,76876,295336,67084,200362,11754,1442096,26,0
0,1677251,0,476,2069285,76876,295336,67084,200362,11754,1442096,26,0
0,1677251,0,374,2069285,76876,295336,67084,200362,11754,1442096,26,0
0,1677251,0,-183,2069285,76876,295336,67084,200362,11754,1442096,26,0
0,1813313,0,280,747179,194127,62102,22982,315656,15405,1486490,26,0
0,1813313,0,692,747179,194127,62102,22982,315656,15405,1486490,26,0
0,1813313,0,-39,747179,194127,62102,22982,315656,15405,1486490,26,0
0,1813313,0,456,747179,194127,62102,22982,315656,15405,1486490,26,0
0,1813313,0,-285,747179,194127,62102,22982,315656,15405,1486490,26,0
0,1813313,0,-294,747179,194127,62102,22982,315656,15405,1486490,26,0
0,1813313,0,-486,747179,194127,62102,22982,315656,15405,1486490,26,0
0,1813313,0,214,747179,194127,62102,22982,315656,15405,1486490,26,0
0,1813313,0,619,747179,194127,62102,22982,315656,15405,1486490,26,0
0,1472388,0,-419,371052,299495,113845,27974,201611,19250,1563985,26,0
0,1472388,0,-217,371052,299495,113845,27974,201611,19250,1563985,26,0
0,1472388,0,341,371052,299495,113845,27974,201611,19250,1563985,26,0
0,1472388,0,749,371052,299495,113845,27974,201611,19250,1563985,26,0
0,1472388,0,533,371052,299495,113845,27974,201611,19250,1563985,26,0
0,1472388,0,52,371052,299495,113845,27974,201611,19250,1563985,26,0
0,1472388,0,-403,371052,299495,113845,27974,201611,19250,1563985,26,0
0,1472388,0,-540,371052,299495,113845,27974,201611,19250,1563985,26,0
0,1472388,0,-452,371052,299495,113845,27974,201611,19250,1563985,26,0
0,1472388,0,-116,371052,299495,113845,27974,201611,19250,1563985,26,0
0,107899,0,-38,380450,5886,126233,4870,64935,898,434835,26,0
0,107899,0,-412,380450,5886,126233,4870,64935,898,434835,26,0
0,107899,0,-315,380450,5886,126233,4870,64935,898,434835,26,0
0,107899,0,-33,380450,5886,126233,4870,64935,898,434835,26,0
0,107899,0,-555,380450,5886,126233,4870,64935,898,434835,26,0
0,107899,0,967,380450,5886,126233,4870,64935,898,434835,26,0
0,107899,0,371,380450,5886,126233,4870,64935,898,434835,26,0
0,107899,0,-18,380450,5886,126233,4870,64935,898,434835,26,0
0,107899,0,-282,380450,5886,126233,4870,64935,898,434835,26,0
0,107899,0,-391,380450,5886,126233,4870,64935,898,434835,26,0
0,724300,0,409,914009,21844,410320,7161,373290,2500,1653829,26,0
0,724300,0,4,914009,21844,410320,7161,373290,2500,1653829,26,0
0,724300,0,-142,914009,21844,410320,7161,373290,2500,1653829,26,0
0,724300,0,-487,914009,21844,410320,7161,373290,2500,1653829,26,0
0,724300,0,-1,914009,21844,410320,7161,373290,2500,1653829,26,0
0,724300,0,124,914009,21844,410320,7161,373290,2500,1653829,26,0
0,724300,0,144,914009,21844,410320,7161,373290,2500,1653829,26,0
0,724300,0,581,914009,21844,410320,7161,373290,2500,1653829,26,0
0,724300,0,29,914009,21844,410320,7161,373290,2500,1653829,26,0
0,724300,0,-257,914009,21844,410320,7161,373290,2500,1653829,26,0
0,724300,0,-530,914009,21844,410320,7161,373290,2500,1653829,26,0
0,24920,0,688,76064,1341,25128,147,19079,584,100162,26,0
0,24920,0,453,76064,1341,25128,147,19079,584,100162,26,0
0,24920,0,-1078,76064,1341,25128,147,19079,584,100162,26,0
0,24920,0,-83,76064,1341,25128,147,19079,584,100162,26,0
0,24920,0,261,76064,1341,25128,147,19079,584,100162,26,0
0,24920,0,92,76064,1341,25128,147,19079,584,100162,26,0
0,24920,0,231,76064,1341,25128,147,19079,584,100162,26,0
0,24920,0,824,76064,1341,25128,147,19079,584,100162,26,0
0,24920,0,380,76064,1341,25128,147,19079,584,100162,26,0
0,209906,0,-70,277369,16844,53205,2763,89816,3635,376104,26,0
0,209906,0,268,277369,16844,53205,2763,89816,3635,376104,26,0
0,209906,0,726,277369,16844,53205,2763,89816,3635,376104,26,0
0,209906,0,498,277369,16844,53205,2763,89816,3635,376104,26,0
0,209906,0,-7,277369,16844,53205,2763,89816,3635,376104,26,0
0,209906,0,-834,277369,16844,53205,2763,89816,3635,376104,26,0
0,209906,0,-493,277369,16844,53205,2763,89816,3635,376104,26,0
0,209906,0,121,277369,16844,53205,2763,89816,3635,376104,26,0
0,209906,0,512,277369,16844,53205,2763,89816,3635,376104,26,0
0,209906,0,291,277369,16844,53205,2763,89816,3635,376104,26,0
0,341241,0,-626,223436,7612,115387,3169,66016,1131,400161,26,0
0,341241,0,-379,223436,7612,115387,3169,66016,1131,400161,26,0
0,341241,0,135,223436,7612,115387,3169,66016,1131,400161,26,0
0,341241,0,230,223436,7612,115387,3169,66016,1131,400161,26,0
0,341241,0,523,223436,7612,115387,3169,66016,1131,400161,26,0
0,341241,0,529,223436,7612,115387,3169,66016,1131,400161,26,0
0,341241,0,-108,223436,7612,115387,3169,66016,1131,400161,26,0
0,341241,0,-603,223436,7612,115387,3169,66016,1131,400161,26,0
0,341241,0,653,223436,7612,115387,3169,66016,1131,400161,26,0
0,341241,0,376,223436,7612,115387,3169,66016,1131,400161,26,0
0,2785450,0,-286,487073,127981,193568,8131,346045,5573,1639755,26,0
0,2785450,0,491,487073,127981,193568,8131,346045,5573,1639755,26,0
0,2785450,0,377,487073,127981,193568,8131,346045,5573,1639755,26,0
0,2785450,0,-108,487073,127981,193568,8131,346045,5573,1639755,26,0
0,2785450,0,667,487073,127981,193568,8131,346045,5573,1639755,26,0
0,2785450,0,711,487073,127981,193568,8131,346045,5573,1639755,26,0
0,2785450,0,501,487073,127981,193568,8131,346045,5573,1639755,26,0
0,2785450,0,-125,487073,127981,193568,8131,346045,5573,1639755,26,0
0,2785450,0,568,487073,127981,193568,8131,346045,5573,1639755,26,0
0,2785450,0,45,487073,127981,193568,8131,346045,5573,1639755,26,0
0,120104,0,498,343209,14751,95466,2319,80956,1704,420138,26,0
0,120104,0,404,343209,14751,95466,2319,80956,1704,420138,26,0
0,120104,0,-1131,343209,14751,95466,2319,80956,1704,420138,26,0
0,120104,0,2047,343209,14751,95466,2319,80956,1704,420138,26,0
0,120104,0,-1656,343209,14751,95466,2319,80956,1704,420138,26,0
0,120104,0,327,343209,14751,95466,2319,80956,1704,420138,26,0
0,120104,0,909,343209,14751,95466,2319,80956,1704,420138,26,0
0,120104,0,205,343209,14751,95466,2319,80956,1704,420138,26,0
0,120104,0,-427,343209,14751,95466,2319,80956,1704,420138,26,0
0,120104,0,-234,343209,14751,95466,2319,80956,1704,420138,26,0
0,294503,0,-553,87127,6206,34374,18575,52937,7753,266343,26,0
0,294503,0,299,87127,6206,34374,18575,52937,7753,266343,26,0
0,294503,0,304,87127,6206,34374,18575,52937,7753,266343,26,0
0,294503,0,32,87127,6206,34374,18575,52937,7753,266343,26,0
0,294503,0,128,87127,6206,34374,18575,52937,7753,266343,26,0
0,294503,0,-933,87127,6206,34374,18575,52937,7753,266343,26,0
0,294503,0,-65,87127,6206,34374,18575,52937,7753,266343,26,0
0,294503,0,451,87127,6206,34374,18575,52937,7753,266343,26,0
0,294503,0,786,87127,6206,34374,18575,52937,7753,266343,26,0
0,294503,0,76,87127,6206,34374,18575,52937,7753,266343,26,0
0,1485236,0,349,1424521,63032,330095,63613,211245,48522,1089890,26,0
0,1485236,0,-73,1424521,63032,330095,63613,211245,48522,1089890,26,0
0,1485236,0,549,1424521,63032,330095,63613,211245,48522,1089890,26,0
0,1485236,0,757,1424521,63032,330095,63613,211245,48522,1089890,26,0
0,1485236,0,82,1424521,63032,330095,63613,211245,48522,1089890,26,0
0,1485236,0,-140,1424521,63032,330095,63613,211245,48522,1089890,26,0
0,1485236,0,-658,1424521,63032,330095,63613,211245,48522,1089890,26,0
0,1485236,0,-429,1424521,63032,330095,63613,211245,48522,1089890,26,0
0,1485236,0,-22,1424521,63032,330095,63613,211245,48522,1089890,26,0
0,1485236,0,374,1424521,63032,330095,63613,211245,48522,1089890,26,0
0,582008,0,-1058,144064,26602,36082,8785,51445,8843,320183,26,0
0,582008,0,186,144064,26602,36082,8785,51445,8843,320183,26,0
0,582008,0,520,144064,26602,36082,8785,51445,8843,320183,26,0
0,582008,0,524,144064,26602,36082,8785,51445,8843,320183,26,0
0,582008,0,582,144064,26602,36082,8785,51445,8843,320183,26,0
0,582008,0,184,144064,26602,36082,8785,51445,8843,320183,26,0
0,582008,0,-220,144064,26602,36082,8785,51445,8843,320183,26,0
0,582008,0,-59,144064,26602,36082,8785,51445,8843,320183,26,0
0,582008,0,-649,144064,26602,36082,8785,51445,8843,320183,26,0
0,893859,0,219,841908,31366,350301,12475,298210,27157,1489575,26,0
0,893859,0,55,841908,31366,350301,12475,298210,27157,1489575,26,0
0,893859,0,-508,841908,31366,350301,12475,298210,27157,1489575,26,0
0,893859,0,-362,841908,31366,350301,12475,298210,27157,1489575,26,0
0,893859,0,-205,841908,31366,350301,12475,298210,27157,1489575,26,0
0,893859,0,248,841908,31366,350301,12475,298210,27157,1489575,26,0
0,893859,0,387,841908,31366,350301,12475,298210,27157,1489575,26,0
0,893859,0,279,841908,31366,350301,12475,298210,27157,1489575,26,0
